33507
33530
33528
33515
33513
33507
33496
33520
33517
33513
33514
33506
33473
33521
33502
33498
33513
33536
33518
33510
33510
33491
33528
33489
33509
33511
33468
33534
33515
33482
33486
33504
33527
33494
33520
33514
33511
33509
33481
33506
33506
33513
33519
33498
33507
33522
33536
33487
33480
33496
33506
33523
33515
33517
33512
33511
33496
33482
33507
33523
33515
33477
33498
33460
33530
33510
33495
33513
33536
33520
33494
33505
33509
33480
33509
33490
33517
33511
33502
33463
33520
33506
33510
33522
33546
33522
33529
33518
33513
33500
33497
33514
33526
33514
33511
33469
33533
33498
33506
33517
33541
33512
33514
33513
33509
33498
33518
33510
33510
33523
33511
33475
33534
33506
33498
33505
33528
33510
33509
33509
33495
33514
33513
33499
33496
33460
33500
33533
33475
33495
33520
33521
33523
33506
33515
33506
33502
33512
33509
33514
33475
33467
33498
33507
33523
33525
33517
33509
33514
33504
33517
33513
33514
33503
33454
33515
33502
33491
33507
33522
33544
33520
33512
33511
33498
33486
33502
33509
33510
33513
33496
33506
33459
33548
33481
33496
33513
33540
33515
33475
33503
33498
33520
33518
33511
33509
33502
33518
33477
33504
33519
33538
33534
33517
33512
33496
33512
33511
33512
33509
33500
33536
33487
33517
33479
33490
33536
33514
33527
33517
33505
33483
33490
33513
33513
33507
33476
33453
33504
33497
33514
33495
33522
33529
33512
33514
33495
33509
33512
33522
33505
33459
33526
33503
33498
33506
33537
33519
33484
33522
33505
33521
33507
33514
33502
33466
33502
33496
33529
33515
33537
33506
33512
33517
33496
33482
33536
33521
33505
33458
33540
33530
33505
33487
33510
33505
33530
33496
33504
33510
33500
33496
33480
33528
33495
33453
33495
33490
33496
33505
33530
33506
33511
33510
33494
33518
33518
33521
33500
33463
33515
33496
33522
33514
33533
33519
33512
33512
33494
33514
33513
33514
33509
33457
33511
33486
33534
33535
33540
33515
33517
33513
33507
33513
33511
33507
33499
33471
33523
33483
33492
33545
33494
33537
33525
33514
33518
33496
33518
33509
33515
33500
33509
33512
33504
33534
33528
33505
33512
33515
33534
33517
33523
33512
33511
33511
33510
33503
33512
33514
33511
33512
33513
33509
33513
33475
33532
33513
33512
33510
33514
33518
33507
33507
33510
33504
33513
33506
33513
33517
33506
33509
33519
33511
33505
33512
33510
33510
33511
33506
33521
33515
33512
33517
33505
33506
33510
33505
33507
33511
33513
33507
33512
33509
33511
33507
33510
33510
33504
33510
33513
33515
33510
33512
33514
33509
33511
33514
33509
33512
33510
33511
33507
33517
33522
33510
33511
33506
33512
33507
33511
33512
33511
33513
33490
33506
33507
33510
33484
33500
33503
33505
33504
33491
33509
33518
33511
33498
33494
33507
33509
33512
33515
33507
33506
33507
33512
33490
33509
33509
33509
33494
33495
33504
33506
33511
33481
33505
33507
33511
33506
33494
33514
33514
33505
33515
33510
33511
33506
33509
33507
33507
33510
33512
33506
33511
33515
33519
33511
33507
33511
33510
33510
33510
33507
33512
33507
33506
33506
33514
33510
33518
33507
33503
33513
33510
33509
33509
33507
33511
